2 0.759375 0.386111 0.107813 0.188889
2 0.096875 0.674306 0.106250 0.181944
1 0.301953 0.114583 0.160156 0.148611
1 0.506250 0.643056 0.160938 0.147222
1 0.758984 0.645139 0.163281 0.154167
1 0.098438 0.387500 0.164062 0.163889
0 0.759375 0.104167 0.157813 0.191667
0 0.506250 0.120139 0.076563 0.137500
0 0.098438 0.113889 0.075000 0.125000
0 0.271875 0.386806 0.076563 0.129167
0 0.273047 0.672917 0.072656 0.140278
0 0.271484 0.818750 0.072656 0.134722
0 0.944922 0.385417 0.077344 0.145833
0 0.943359 0.641667 0.071094 0.136111
0 0.505859 0.384028 0.163281 0.190278
