2 0.108984 0.741667 0.111719 0.211111
2 0.758203 0.425694 0.105469 0.206944
1 0.310937 0.122222 0.159375 0.169444
1 0.108203 0.418056 0.163281 0.180556
1 0.511328 0.709722 0.163281 0.186111
1 0.758984 0.707639 0.157031 0.162500
0 0.110156 0.119444 0.073437 0.147222
0 0.511719 0.125694 0.082813 0.140278
0 0.939453 0.420833 0.072656 0.152778
0 0.938672 0.706944 0.075781 0.147222
0 0.281250 0.423611 0.070312 0.138889
0 0.281641 0.581250 0.071094 0.143056
0 0.279297 0.741667 0.067969 0.147222
0 0.512109 0.423611 0.158594 0.211111
0 0.759375 0.111111 0.179688 0.205556
