0 0.110547 0.134722 0.160156 0.216667
0 0.242188 0.117361 0.071875 0.143056
0 0.334375 0.115972 0.075000 0.151389
0 0.422266 0.112500 0.080469 0.144444
0 0.537891 0.138194 0.078906 0.151389
0 0.938281 0.132639 0.070312 0.151389
0 0.510938 0.444444 0.159375 0.219444
0 0.939062 0.443056 0.071875 0.147222
0 0.938281 0.743056 0.075000 0.152778
1 0.738281 0.132639 0.162500 0.170833
1 0.109375 0.443056 0.162500 0.186111
1 0.758203 0.740972 0.160156 0.173611
1 0.511328 0.742361 0.163281 0.179167
2 0.110547 0.775694 0.110156 0.206944
2 0.758203 0.449306 0.110156 0.226389
