0 0.632812 0.028472 0.121875 0.054167
1 0.630859 0.143056 0.247656 0.105556
1 0.632812 0.277083 0.245312 0.090278
1 0.900000 0.280556 0.132812 0.097222
1 0.901563 0.427778 0.129688 0.105556
1 0.361719 0.431250 0.129688 0.090278
1 0.126953 0.608333 0.128906 0.094444
1 0.128906 0.765278 0.257812 0.094444
1 0.118750 0.918750 0.131250 0.093056
1 0.593750 0.923611 0.131250 0.088889
1 0.596484 0.611806 0.133594 0.098611
1 0.592188 0.767361 0.253125 0.109722
2 0.631641 0.434028 0.278906 0.156944
2 0.362109 0.609028 0.275781 0.156944
2 0.356250 0.921528 0.278125 0.156944
