2 0.172266 0.212500 0.235156 0.183333
0 0.171484 0.033333 0.221094 0.066667
2 0.411328 0.213194 0.127344 0.106944
2 0.408594 0.375000 0.123438 0.100000
2 0.409766 0.535417 0.124219 0.101389
2 0.411719 0.694444 0.125000 0.108333
2 0.410547 0.927083 0.128906 0.098611
2 0.596094 0.215278 0.125000 0.108333
2 0.596094 0.372222 0.126563 0.100000
2 0.594141 0.531250 0.125781 0.101389
2 0.594922 0.693750 0.127344 0.104167
1 0.172656 0.415972 0.131250 0.106944
1 0.171875 0.573611 0.132812 0.111111
1 0.877344 0.216667 0.131250 0.111111
1 0.877344 0.374306 0.129688 0.112500
1 0.876953 0.530556 0.132031 0.116667
1 0.876172 0.692361 0.128906 0.106944
1 0.876562 0.810417 0.131250 0.109722
1 0.878125 0.927083 0.131250 0.109722
