1 0.196094 0.154861 0.253125 0.054167
1 0.401563 0.284028 0.060938 0.034722
1 0.197266 0.739583 0.064844 0.031944
1 0.196875 0.828472 0.251563 0.059722
1 0.540234 0.845139 0.124219 0.056944
1 0.541406 0.731250 0.062500 0.031944
1 0.878125 0.622222 0.154687 0.055556
1 0.196875 0.497222 0.253125 0.058333
1 0.196875 0.402083 0.059375 0.040278
0 0.196094 0.063194 0.126563 0.062500
0 0.197266 0.933333 0.127344 0.069444
2 0.195312 0.281944 0.128125 0.100000
2 0.198047 0.622222 0.130469 0.100000
2 0.544922 0.622917 0.130469 0.095833
1 0.703125 0.623611 0.065625 0.044444
