0 0.170312 0.057639 0.137500 0.070833
0 0.169922 0.936111 0.141406 0.072222
1 0.170703 0.156944 0.285156 0.058333
1 0.170703 0.250694 0.282031 0.056944
1 0.785547 0.329861 0.213281 0.059722
1 0.785937 0.900000 0.239063 0.061111
1 0.345703 0.511806 0.064844 0.043056
1 0.785156 0.411111 0.062500 0.033333
1 0.785156 0.609722 0.060938 0.033333
1 0.784766 0.811111 0.061719 0.036111
1 0.170312 0.711111 0.060938 0.036111
2 0.168359 0.508333 0.147656 0.113889
2 0.787109 0.513194 0.146094 0.104167
2 0.787109 0.707639 0.144531 0.098611
1 0.170312 0.836806 0.239063 0.051389
1 0.559766 0.706250 0.058594 0.037500
1 0.345703 0.702778 0.138281 0.052778
