1 0.122656 0.168750 0.182812 0.056944
1 0.123828 0.280556 0.186719 0.055556
1 0.123828 0.515278 0.047656 0.036111
1 0.393359 0.552778 0.049219 0.033333
1 0.664453 0.570833 0.047656 0.038889
1 0.923828 0.603472 0.052344 0.031944
1 0.253516 0.413889 0.050781 0.033333
1 0.525781 0.411806 0.046875 0.029167
1 0.794922 0.413194 0.049219 0.034722
1 0.124219 0.596528 0.120312 0.054167
1 0.393359 0.659722 0.119531 0.052778
1 0.665234 0.712500 0.122656 0.061111
1 0.926172 0.771528 0.121094 0.062500
1 0.123438 0.838194 0.126563 0.068056
2 0.123438 0.411806 0.100000 0.098611
2 0.397266 0.412500 0.088281 0.108333
2 0.663672 0.410417 0.097656 0.095833
2 0.924609 0.408333 0.099219 0.097222
0 0.121875 0.952778 0.087500 0.066667
0 0.123047 0.057639 0.096094 0.065278
