0  0.385156 0.056944 0.123438 0.061111
0  0.385156 0.952778 0.123438 0.063889
1  0.384766 0.148611 0.261719 0.050000
1  0.386328 0.234028 0.257031 0.051389
1  0.384375 0.558333 0.254687 0.052778
1  0.383984 0.849306 0.261719 0.054167
1  0.385938 0.783333 0.057813 0.036111
1  0.099219 0.613194 0.168750 0.059722
1  0.823828 0.563194 0.261719 0.059722
1  0.823828 0.642361 0.255469 0.051389
1  0.386328 0.477778 0.058594 0.030556
2  0.385938 0.683333 0.135937 0.091667
2  0.385938 0.358333 0.179688 0.113889
1  0.635156 0.353472 0.057813 0.034722
