1 0.494141 0.218056 0.241406 0.052778
1 0.494531 0.136806 0.235938 0.048611
1 0.141406 0.440972 0.240625 0.056944
1 0.140234 0.761111 0.236719 0.052778
1 0.868359 0.766667 0.232031 0.055556
1 0.867969 0.440972 0.237500 0.048611
1 0.685547 0.571528 0.064844 0.040278
1 0.497656 0.565278 0.151562 0.055556
1 0.869922 0.681944 0.074219 0.036111
1 0.141406 0.680556 0.068750 0.033333
1 0.314453 0.571528 0.075781 0.037500
1 0.711719 0.352083 0.070312 0.034722
1 0.278125 0.355556 0.070312 0.036111
2 0.142578 0.568750 0.119531 0.093056
2 0.869531 0.568056 0.120312 0.094444
2 0.494531 0.351389 0.154687 0.116667
0 0.495313 0.042361 0.117188 0.065278
0 0.495703 0.860417 0.117969 0.065278
