1  0.622266 0.444444 0.091406 0.072222
1  0.491406 0.439583 0.090625 0.059722
1  0.251953 0.536111 0.082031 0.050000
1  0.344141 0.642361 0.069531 0.051389
1  0.239844 0.749306 0.075000 0.054167
1  0.362891 0.845833 0.085156 0.058333
1  0.361719 0.902778 0.078125 0.044444
1  0.477344 0.749306 0.059375 0.037500
1  0.457422 0.643750 0.091406 0.062500
1  0.248047 0.147917 0.102344 0.048611
1  0.247266 0.226389 0.099219 0.055556
1  0.248437 0.320139 0.089062 0.062500
2  0.247656 0.647222 0.087500 0.105556
2  0.362109 0.742361 0.083594 0.109722
0  0.246094 0.059028 0.090625 0.051389
0  0.760938 0.443750 0.085938 0.081944
3  0.248437 0.425000 0.167187 0.097222
