2  0.457422 0.334722 0.125781 0.111111
0  0.226562 0.025694 0.131250 0.040278
0  0.826953 0.360417 0.133594 0.054167
0  0.823438 0.260417 0.045313 0.048611
0  0.601562 0.751389 0.051562 0.052778
0  0.083594 0.621528 0.048437 0.043056
1  0.231250 0.125000 0.193750 0.072222
1  0.233594 0.222917 0.185937 0.070833
1  0.232812 0.323611 0.165625 0.080556
1  0.450391 0.446528 0.105469 0.062500
1  0.635938 0.353472 0.109375 0.062500
1  0.077734 0.564583 0.132031 0.048611
1  0.096484 0.491667 0.107031 0.044444
1  0.239453 0.565972 0.117969 0.048611
1  0.258594 0.646528 0.134375 0.045833
1  0.277734 0.725000 0.163281 0.086111
1  0.293359 0.950000 0.119531 0.061111
1  0.695312 0.813194 0.151562 0.068056
1  0.898047 0.859028 0.194531 0.054167
1  0.866016 0.947222 0.100781 0.044444
1  0.457812 0.749306 0.146875 0.062500
1  0.465234 0.849306 0.078906 0.054167
2  0.220703 0.453472 0.113281 0.109722
2  0.281641 0.852778 0.186719 0.094444
2  0.680859 0.935417 0.149219 0.115278
