0  0.644531 0.096528 0.143750 0.079167
0  0.198828 0.107639 0.160156 0.076389
0  0.452344 0.104167 0.057813 0.058333
0  0.453906 0.507639 0.056250 0.056944
0  0.225391 0.950000 0.077344 0.063889
1  0.215625 0.219444 0.282813 0.066667
1  0.189844 0.354861 0.178125 0.079167
1  0.561719 0.759028 0.168750 0.087500
1  0.554688 0.918056 0.204688 0.066667
1  0.828516 0.908333 0.163281 0.083333
1  0.756250 0.596528 0.148438 0.070833
2  0.802734 0.750000 0.105469 0.091667
2  0.219141 0.515278 0.189844 0.150000
3  0.221875 0.759028 0.331250 0.151389
