0 0.635938 0.596528 0.064062 0.045833
0 0.916016 0.229167 0.052344 0.050000
0 0.302344 0.646528 0.068750 0.048611
0 0.320703 0.747222 0.167969 0.058333
0 0.092969 0.475000 0.068750 0.050000
0 0.330859 0.577778 0.069531 0.047222
3 0.604297 0.235417 0.228906 0.062500
1 0.186719 0.331250 0.173438 0.056944
1 0.390625 0.326389 0.159375 0.066667
1 0.604688 0.505556 0.167187 0.052778
2 0.283203 0.245833 0.105469 0.075000
2 0.310937 0.461806 0.146875 0.087500
2 0.606250 0.363889 0.148438 0.091667
2 0.428516 0.166667 0.117969 0.077778
0 0.242188 0.041667 0.051562 0.058333
0 0.416406 0.036111 0.129688 0.047222
