2 0.580078 0.516667 0.028906 0.027778
2 0.281641 0.636111 0.078906 0.030556
1 0.775391 0.420139 0.019531 0.095833
4 0.744141 0.418056 0.313281 0.013889
4 0.353516 0.520139 0.086719 0.012500
4 0.826563 0.610417 0.143750 0.018056
1 0.475000 0.210417 0.015625 0.095833
1 0.475781 0.399306 0.014062 0.095833
1 0.476172 0.631944 0.011719 0.091667
1 0.771484 0.234722 0.014844 0.083333
5 0.592578 0.469444 0.014844 0.125000
5 0.765625 0.593056 0.010937 0.052778
5 0.317187 0.577778 0.010937 0.136111
5 0.892969 0.513889 0.017188 0.216667
