3 0.430078 0.120833 0.103906 0.027778
3 0.189063 0.119444 0.109375 0.025000
3 0.856250 0.422917 0.110937 0.023611
3 0.633594 0.708333 0.104687 0.027778
3 0.225391 0.581250 0.053906 0.029167
1 0.110156 0.570139 0.015625 0.170833
1 0.509375 0.577083 0.014062 0.131944
0 0.758984 0.582639 0.013281 0.137500
0 0.758594 0.265972 0.015625 0.134722
0 0.282422 0.852083 0.019531 0.098611
2 0.869531 0.708333 0.081250 0.025000
2 0.219531 0.421528 0.078125 0.026389
4 0.181641 0.743056 0.053906 0.019444
4 0.192969 0.890278 0.178125 0.011111
5 0.109766 0.860417 0.007031 0.068056
5 0.203125 0.662500 0.007812 0.177778
