5 0.243359 0.310417 0.010156 0.281944
5 0.757812 0.320139 0.006250 0.062500
5 0.110547 0.900694 0.007031 0.073611
3 0.614844 0.135417 0.103125 0.029167
3 0.856250 0.134722 0.101562 0.025000
3 0.855859 0.443750 0.114844 0.031944
3 0.631250 0.739583 0.117188 0.026389
1 0.510156 0.605556 0.014062 0.133333
1 0.110156 0.598611 0.012500 0.163889
0 0.758594 0.601389 0.018750 0.138889
0 0.111328 0.269444 0.014844 0.075000
4 0.433594 0.297917 0.657812 0.012500
4 0.244531 0.776389 0.181250 0.016667
2 0.214453 0.447222 0.061719 0.025000
2 0.870313 0.742361 0.079687 0.026389
4 0.266797 0.929861 0.319531 0.015278
0 0.333594 0.484722 0.015625 0.611111
0 0.423438 0.557639 0.018750 0.756944
