4 0.962891 0.814583 0.067969 0.029167
4 0.038672 0.587500 0.071094 0.025000
1 0.170312 0.220139 0.017188 0.154167
1 0.170312 0.457639 0.017188 0.129167
1 0.171094 0.727778 0.021875 0.161111
1 0.525000 0.757639 0.018750 0.276389
1 0.807422 0.184028 0.016406 0.165278
1 0.808594 0.420139 0.018750 0.131944
1 0.809766 0.693056 0.021094 0.158333
5 0.009766 0.469444 0.010156 0.247222
5 0.525391 0.402083 0.008594 0.173611
5 0.992969 0.579167 0.007812 0.488889
4 0.037891 0.593056 0.071094 0.022222
2 0.671484 0.552083 0.089844 0.023611
2 0.962891 0.340278 0.071094 0.025000
3 0.606641 0.320139 0.174219 0.018056
3 0.029297 0.354861 0.047656 0.029167
