5 0.476172 0.275000 0.011719 0.525000
5 0.804688 0.248611 0.007812 0.083333
5 0.996875 0.599306 0.006250 0.665278
5 0.254687 0.762500 0.010937 0.141667
5 0.516016 0.611111 0.008594 0.188889
4 0.822656 0.279167 0.050000 0.019444
4 0.825781 0.921528 0.348437 0.015278
4 0.189453 0.818750 0.149219 0.009722
4 0.359375 0.766667 0.245312 0.016667
3 0.797266 0.429861 0.096094 0.023611
3 0.516797 0.608333 0.050781 0.016667
3 0.514453 0.922222 0.060156 0.019444
5 0.121484 0.850000 0.013281 0.080556
2 0.462500 0.431250 0.079687 0.026389
2 0.978516 0.281250 0.042969 0.023611
2 0.198828 0.920139 0.053906 0.020833
2 0.211719 0.611111 0.057813 0.027778
4 0.386719 0.701389 0.270312 0.027778
1 0.123438 0.681944 0.031250 0.097222
1 0.360547 0.504167 0.014844 0.069444
1 0.357422 0.807639 0.013281 0.090278
1 0.593359 0.687500 0.017969 0.097222
1 0.630469 0.075000 0.014062 0.061111
1 0.633203 0.209722 0.017969 0.066667
1 0.631641 0.333333 0.010156 0.058333
2 0.721484 0.215972 0.186719 0.020833
0 0.901953 0.354167 0.016406 0.091667
3 0.523047 0.028472 0.097656 0.026389
4 0.496094 0.525694 0.045313 0.029167
