3 0.732422 0.531250 0.164844 0.026389
3 0.731250 0.371528 0.171875 0.023611
3 0.731641 0.210417 0.174219 0.018056
3 0.650781 0.615278 0.120312 0.025000
3 0.648438 0.804861 0.121875 0.015278
3 0.735156 0.691667 0.164062 0.027778
3 0.654688 0.450694 0.123438 0.018056
3 0.498437 0.215972 0.075000 0.020833
3 0.501953 0.372917 0.072656 0.018056
3 0.499219 0.534722 0.081250 0.025000
3 0.498047 0.691667 0.075781 0.022222
1 0.410547 0.290972 0.013281 0.073611
1 0.410937 0.447917 0.017188 0.079167
1 0.410547 0.609722 0.011719 0.086111
1 0.410937 0.804861 0.012500 0.165278
3 0.640625 0.924306 0.348437 0.018056
3 0.314063 0.212500 0.067188 0.019444
1 0.172266 0.333333 0.013281 0.072222
1 0.171484 0.091667 0.013281 0.066667
1 0.171875 0.495833 0.015625 0.066667
2 0.583594 0.090972 0.825000 0.020833
3 0.085938 0.090278 0.171875 0.025000
4 0.057813 0.575000 0.115625 0.013889
5 0.003906 0.330556 0.007812 0.502778
5 0.992188 0.151389 0.012500 0.136111
5 0.595703 0.281250 0.010156 0.040278
5 0.711328 0.555556 0.008594 0.533333
5 0.411719 0.986111 0.012500 0.025000
4 0.968359 0.215278 0.061719 0.019444
4 0.966797 0.374306 0.058594 0.015278
4 0.969141 0.534028 0.060156 0.018056
4 0.968359 0.693056 0.058594 0.016667
4 0.967969 0.811806 0.056250 0.020833
4 0.967578 0.926389 0.058594 0.016667
4 0.700781 0.995139 0.592188 0.009722
0 0.992969 0.963194 0.012500 0.073611
0 0.992578 0.871528 0.013281 0.118056
0 0.992188 0.752083 0.010937 0.120833
0 0.992188 0.615972 0.009375 0.162500
0 0.991797 0.456944 0.010156 0.161111
0 0.992578 0.298611 0.011719 0.166667
4 0.653125 0.295833 0.128125 0.022222
5 0.595703 0.440278 0.011719 0.041667
5 0.596875 0.601389 0.014062 0.041667
5 0.595703 0.775000 0.016406 0.069444
3 0.762500 0.813194 0.104687 0.029167
