1 0.301172 0.073611 0.028906 0.038889
1 0.302344 0.190278 0.029687 0.122222
1 0.301562 0.341667 0.023438 0.038889
1 0.301953 0.451389 0.028906 0.052778
1 0.304297 0.552778 0.028906 0.044444
1 0.304297 0.649306 0.028906 0.065278
1 0.303516 0.725000 0.028906 0.052778
1 0.303906 0.830556 0.032812 0.055556
1 0.303125 0.927083 0.025000 0.051389
0 0.716406 0.544444 0.031250 0.113889
0 0.870313 0.738889 0.031250 0.288889
5 0.719141 0.308333 0.022656 0.213889
5 0.872266 0.345139 0.019531 0.368056
2 0.508984 0.213194 0.402344 0.034722
2 0.589844 0.164583 0.570312 0.026389
4 0.655078 0.600000 0.122656 0.025000
4 0.733203 0.880556 0.286719 0.025000
