3 0.425000 0.515278 0.098438 0.033333
3 0.872656 0.514583 0.112500 0.043056
3 0.293359 0.788889 0.075781 0.041667
3 0.089453 0.788889 0.050781 0.030556
3 0.663281 0.148611 0.100000 0.036111
3 0.219531 0.150694 0.051562 0.029167
1 0.313672 0.345833 0.016406 0.158333
1 0.426562 0.219444 0.015625 0.069444
1 0.782422 0.320833 0.017969 0.163889
1 0.080859 0.347917 0.017969 0.170833
2 0.426562 0.154167 0.081250 0.038889
0 0.548828 0.333333 0.016406 0.186111
5 0.197266 0.330556 0.013281 0.386111
5 0.693750 0.439583 0.012500 0.170833
5 0.464063 0.261111 0.014062 0.225000
4 0.175781 0.513889 0.053125 0.016667
4 0.577734 0.361806 0.250781 0.034722
4 0.715234 0.516667 0.053906 0.022222
4 0.403125 0.190972 0.062500 0.020833
