4 0.177344 0.856944 0.054688 0.033333
4 0.417188 0.861111 0.065625 0.019444
4 0.710156 0.568750 0.056250 0.029167
4 0.851562 0.569444 0.065625 0.022222
4 0.574609 0.409722 0.236719 0.022222
4 0.404297 0.233333 0.058594 0.019444
0 0.547266 0.378472 0.014844 0.187500
1 0.083203 0.538889 0.016406 0.469444
1 0.313281 0.538194 0.018750 0.454167
1 0.779688 0.365278 0.015625 0.158333
3 0.220703 0.187500 0.053906 0.027778
3 0.661719 0.186806 0.100000 0.040278
3 0.460547 0.571528 0.039844 0.034722
3 0.899609 0.172917 0.057031 0.031944
2 0.421094 0.595833 0.031250 0.038889
2 0.904688 0.861806 0.112500 0.037500
2 0.662891 0.861111 0.103906 0.052778
5 0.955859 0.669444 0.016406 0.394444
5 0.876562 0.375000 0.012500 0.416667
5 0.690234 0.494444 0.011719 0.183333
5 0.463281 0.302083 0.009375 0.240278
5 0.446094 0.715972 0.007812 0.304167
2 0.424609 0.187500 0.089844 0.036111
5 0.199219 0.522222 0.010937 0.697222
5 0.429688 0.413889 0.010937 0.383333
