3 0.594531 0.606944 0.212500 0.025000
3 0.613672 0.805556 0.172656 0.019444
4 0.356641 0.497222 0.297656 0.013889
4 0.572656 0.431944 0.267188 0.013889
4 0.327734 0.279861 0.239844 0.012500
5 0.444531 0.229167 0.010937 0.119444
5 0.502734 0.427083 0.014844 0.151389
4 0.642578 0.359028 0.300781 0.018056
5 0.211328 0.481250 0.010156 0.056944
1 0.212109 0.325694 0.013281 0.120833
1 0.787500 0.369444 0.015625 0.038889
1 0.444922 0.490278 0.014844 0.119444
1 0.787500 0.700694 0.014062 0.112500
1 0.445312 0.713194 0.015625 0.115278
