4  0.744922 0.768056 0.317969 0.019444
5  0.900000 0.395833 0.010937 0.141667
3  0.282813 0.489583 0.112500 0.018056
3  0.421875 0.491667 0.100000 0.019444
3  0.640625 0.489583 0.115625 0.018056
3  0.780859 0.491667 0.097656 0.019444
1  0.175781 0.148611 0.010937 0.066667
1  0.175781 0.265278 0.012500 0.072222
1  0.174609 0.392361 0.013281 0.073611
1  0.175000 0.594444 0.012500 0.100000
1  0.175781 0.718750 0.014062 0.095833
1  0.175781 0.856250 0.012500 0.076389
1  0.533984 0.593056 0.013281 0.086111
1  0.533594 0.697917 0.010937 0.090278
2  0.598828 0.329861 0.613281 0.020833
0  0.900781 0.645833 0.015625 0.258333
