2  0.600000 0.500000 0.560938 0.019444
2  0.365625 0.156250 0.093750 0.020833
0  0.878516 0.747917 0.016406 0.218056
5  0.876562 0.545139 0.009375 0.112500
5  0.402344 0.213889 0.009375 0.125000
1  0.196484 0.111111 0.011719 0.050000
1  0.197266 0.206944 0.013281 0.066667
1  0.197266 0.358333 0.011719 0.066667
1  0.197656 0.445833 0.010937 0.063889
1  0.196875 0.545139 0.009375 0.059722
1  0.541406 0.692361 0.015625 0.062500
1  0.541797 0.781250 0.010156 0.087500
1  0.197656 0.699306 0.012500 0.070833
1  0.197656 0.778472 0.009375 0.062500
1  0.196484 0.875000 0.013281 0.063889
3  0.313281 0.283333 0.120312 0.016667
3  0.299219 0.620833 0.082813 0.016667
3  0.433984 0.622222 0.086719 0.022222
3  0.637500 0.620833 0.079687 0.019444
3  0.764453 0.622917 0.075781 0.018056
4  0.739844 0.845833 0.282813 0.016667
