0  0.346094 0.601389 0.010937 0.175000
0  0.786719 0.374306 0.017188 0.054167
1  0.170312 0.110417 0.009375 0.059722
1  0.169922 0.204167 0.011719 0.052778
1  0.171094 0.363889 0.012500 0.197222
1  0.171484 0.622222 0.010156 0.155556
1  0.170703 0.881944 0.011719 0.058333
1  0.785937 0.850694 0.017188 0.062500
1  0.786328 0.641667 0.011719 0.038889
1  0.785156 0.575694 0.010937 0.051389
0  0.785547 0.444444 0.010156 0.041667
1  0.784766 0.773611 0.011719 0.063889
1  0.170703 0.766667 0.011719 0.100000
2  0.433984 0.329861 0.514844 0.020833
2  0.473437 0.704167 0.121875 0.022222
2  0.651563 0.703472 0.134375 0.015278
3  0.277344 0.511111 0.082813 0.019444
3  0.544531 0.511806 0.342187 0.020833
4  0.508594 0.899306 0.332812 0.018056
0  0.346094 0.813889 0.010937 0.183333
