1  0.123438 0.118056 0.010937 0.063889
1  0.123438 0.223611 0.009375 0.075000
1  0.123047 0.334722 0.011719 0.063889
1  0.124219 0.481944 0.009375 0.047222
1  0.123828 0.551389 0.011719 0.058333
1  0.123828 0.718056 0.010156 0.191667
4  0.229687 0.659722 0.221875 0.016667
4  0.365234 0.710417 0.486719 0.018056
4  0.494922 0.771528 0.752344 0.012500
1  0.395703 0.500694 0.008594 0.087500
1  0.395312 0.599306 0.010937 0.081944
1  0.665625 0.643750 0.009375 0.101389
1  0.666016 0.513889 0.010156 0.116667
1  0.925391 0.525000 0.008594 0.147222
1  0.926172 0.681250 0.010156 0.143056
1  0.124219 0.891667 0.010937 0.072222
3  0.200000 0.413194 0.068750 0.015278
3  0.312500 0.411111 0.079687 0.011111
3  0.471875 0.411806 0.070312 0.009722
3  0.583984 0.411111 0.077344 0.022222
3  0.739453 0.411111 0.074219 0.013889
3  0.847656 0.411111 0.065625 0.013889
