1  0.284766 0.128472 0.011719 0.065278
1  0.284766 0.234722 0.010156 0.063889
1  0.285547 0.339583 0.013281 0.073611
1  0.285156 0.544444 0.012500 0.086111
1  0.284766 0.643750 0.010156 0.070833
1  0.283984 0.754167 0.011719 0.061111
1  0.285937 0.865278 0.014062 0.075000
1  0.725391 0.753472 0.011719 0.070833
1  0.725000 0.556944 0.012500 0.250000
2  0.536719 0.935417 0.387500 0.026389
5  0.724219 0.884722 0.010937 0.111111
4  0.632422 0.443750 0.202344 0.018056
3  0.421094 0.442361 0.118750 0.015278
