0  0.101172 0.664583 0.013281 0.056944
1  0.385547 0.106250 0.008594 0.051389
1  0.384766 0.193056 0.008594 0.052778
1  0.385156 0.275694 0.014062 0.054167
1  0.383984 0.437500 0.013281 0.063889
1  0.385547 0.515278 0.008594 0.055556
1  0.385156 0.613889 0.010937 0.075000
1  0.385938 0.749306 0.014062 0.065278
1  0.384766 0.813194 0.011719 0.043056
1  0.386328 0.898611 0.010156 0.063889
1  0.827344 0.437500 0.023438 0.208333
1  0.825000 0.595833 0.014062 0.055556
2  0.635547 0.957639 0.385156 0.023611
2  0.291797 0.687500 0.061719 0.022222
3  0.535937 0.352778 0.143750 0.016667
4  0.744922 0.354167 0.174219 0.013889
4  0.154687 0.686806 0.125000 0.012500
5  0.824609 0.809722 0.010156 0.302778
5  0.100781 0.571528 0.007812 0.045833
3  0.177734 0.556944 0.163281 0.013889
