0  0.496094 0.475694 0.012500 0.154167
1  0.494922 0.095833 0.010156 0.055556
1  0.496094 0.178472 0.012500 0.054167
1  0.495703 0.268750 0.013281 0.059722
1  0.867969 0.495833 0.010937 0.072222
1  0.867969 0.638194 0.010937 0.073611
1  0.868359 0.718750 0.011719 0.056944
1  0.495703 0.797222 0.013281 0.080556
1  0.142188 0.640278 0.014062 0.072222
1  0.142188 0.717361 0.010937 0.059722
1  0.140625 0.490972 0.010937 0.073611
1  0.141797 0.384028 0.013281 0.079167
1  0.868359 0.383333 0.013281 0.083333
4  0.503906 0.765278 0.509375 0.025000
4  0.807422 0.353472 0.130469 0.015278
4  0.194141 0.352083 0.110156 0.012500
2  0.610547 0.570139 0.092969 0.020833
2  0.765234 0.570139 0.100781 0.018056
2  0.364062 0.352083 0.114063 0.012500
3  0.238672 0.568750 0.086719 0.012500
3  0.383203 0.569444 0.088281 0.016667
3  0.624219 0.350000 0.118750 0.013889
