5  0.107031 0.863889 0.020312 0.125000
5  0.379687 0.959028 0.014062 0.056944
0  0.514063 0.675694 0.051562 0.612500
4  0.451562 0.971528 0.164062 0.037500
4  0.289453 0.640278 0.167969 0.022222
4  0.187109 0.331250 0.125781 0.026389
1  0.881250 0.410417 0.043750 0.106944
1  0.112891 0.743056 0.041406 0.066667
1  0.129297 0.538194 0.028906 0.076389
1  0.130469 0.385417 0.042188 0.137500
1  0.429688 0.118056 0.040625 0.086111
1  0.426562 0.234722 0.043750 0.083333
1  0.384375 0.751389 0.046875 0.083333
1  0.383594 0.864583 0.042188 0.070833
3  0.719531 0.338889 0.179688 0.033333
3  0.187891 0.920139 0.177344 0.040278
1  0.368750 0.654167 0.039062 0.063889
