0  0.872266 0.902778 0.024219 0.050000
0  0.682422 0.858333 0.021094 0.052778
0  0.460156 0.804167 0.023438 0.058333
1  0.219922 0.070833 0.021094 0.055556
1  0.221094 0.172917 0.025000 0.059722
1  0.230859 0.280556 0.024219 0.058333
1  0.228906 0.375694 0.026563 0.059722
1  0.437500 0.404167 0.021875 0.044444
1  0.202344 0.528472 0.020312 0.059722
1  0.254687 0.607639 0.021875 0.048611
1  0.259375 0.682639 0.026563 0.037500
1  0.276172 0.781944 0.017969 0.050000
1  0.267969 0.913194 0.026563 0.048611
1  0.082422 0.594444 0.027344 0.030556
1  0.085938 0.524306 0.021875 0.040278
1  0.101172 0.459028 0.027344 0.034722
1  0.825781 0.304861 0.023438 0.065278
3  0.547656 0.752778 0.057813 0.022222
3  0.789062 0.941667 0.062500 0.022222
3  0.477734 0.945833 0.260156 0.016667
3  0.399609 0.842361 0.067969 0.020833
3  0.352734 0.332639 0.088281 0.023611
3  0.551172 0.343056 0.071094 0.019444
3  0.726953 0.354861 0.078906 0.023611
2  0.332812 0.450694 0.139062 0.020833
2  0.788281 0.702083 0.226562 0.031944
2  0.516016 0.700694 0.316406 0.023611
5  0.672656 0.743056 0.014062 0.105556
5  0.892187 0.767361 0.018750 0.148611
4  0.132422 0.443750 0.077344 0.018056
