1  0.469141 0.068750 0.033594 0.048611
1  0.470313 0.139583 0.026563 0.037500
1  0.463672 0.210417 0.022656 0.051389
1  0.186328 0.329861 0.042969 0.106944
1  0.189844 0.452778 0.042188 0.066667
1  0.196094 0.547917 0.031250 0.054167
1  0.706250 0.621528 0.039062 0.065278
1  0.716406 0.533333 0.031250 0.050000
1  0.714844 0.435417 0.031250 0.062500
1  0.703516 0.315278 0.044531 0.097222
0  0.423438 0.485417 0.050000 0.331944
5  0.198047 0.638889 0.021094 0.055556
4  0.230859 0.284028 0.096094 0.018056
4  0.313672 0.651389 0.247656 0.027778
4  0.671875 0.277083 0.098438 0.026389
