5  0.426562 0.560417 0.023438 0.120833
5  0.540234 0.772917 0.021094 0.273611
0  0.267188 0.479167 0.012500 0.050000
0  0.468750 0.698611 0.017188 0.088889
1  0.247266 0.104167 0.016406 0.052778
1  0.246875 0.189583 0.015625 0.059722
1  0.245703 0.273611 0.013281 0.055556
1  0.247656 0.488194 0.017188 0.068056
1  0.247266 0.368750 0.016406 0.054167
1  0.236328 0.709028 0.011719 0.043056
1  0.356250 0.807639 0.012500 0.054167
1  0.361328 0.873611 0.013281 0.038889
1  0.253906 0.576389 0.018750 0.063889
3  0.298438 0.642361 0.035937 0.020833
3  0.389844 0.643750 0.050000 0.029167
3  0.421875 0.747222 0.054688 0.030556
3  0.300781 0.751389 0.057813 0.027778
2  0.516797 0.645833 0.042969 0.019444
3  0.387500 0.432639 0.125000 0.020833
3  0.557422 0.436806 0.058594 0.012500
3  0.691016 0.441667 0.063281 0.016667
4  0.344141 0.502778 0.166406 0.027778
4  0.473437 0.896528 0.157813 0.020833
