1  0.455469 0.105556 0.034375 0.052778
1  0.450781 0.215972 0.029687 0.056944
1  0.687109 0.499306 0.027344 0.062500
1  0.913672 0.522222 0.047656 0.197222
1  0.240625 0.427083 0.035937 0.268056
1  0.571484 0.725000 0.035156 0.080556
1  0.702734 0.338889 0.027344 0.063889
4  0.640234 0.311806 0.160156 0.029167
4  0.557031 0.690278 0.656250 0.041667
4  0.858984 0.431250 0.157031 0.018056
5  0.235156 0.638889 0.020312 0.097222
5  0.678906 0.637500 0.023438 0.133333
5  0.876953 0.686111 0.013281 0.044444
