1  0.328516 0.127083 0.035156 0.070833
1  0.330078 0.236806 0.032031 0.059722
1  0.505859 0.354861 0.039844 0.079167
1  0.700781 0.490278 0.031250 0.075000
1  0.850781 0.631250 0.042188 0.098611
1  0.544531 0.602778 0.032812 0.077778
1  0.351953 0.570139 0.033594 0.259722
1  0.173828 0.542361 0.038281 0.454167
1  0.363672 0.800000 0.032031 0.125000
1  0.553125 0.776389 0.029687 0.177778
1  0.517187 0.888194 0.037500 0.056944
4  0.200781 0.322222 0.065625 0.025000
4  0.445703 0.322917 0.130469 0.023611
4  0.587500 0.577083 0.090625 0.026389
4  0.829687 0.589583 0.095312 0.023611
4  0.651563 0.459028 0.123438 0.026389
4  0.386328 0.450694 0.088281 0.020833
4  0.511719 0.863889 0.668750 0.047222
5  0.186328 0.843750 0.022656 0.048611
5  0.838672 0.806250 0.017969 0.148611
