5  0.492188 0.423611 0.059375 0.380556
5  0.764844 0.369444 0.029687 0.300000
5  0.176563 0.380556 0.020312 0.058333
5  0.379687 0.372917 0.015625 0.056944
4  0.726953 0.503472 0.091406 0.029167
4  0.279687 0.394444 0.223438 0.016667
4  0.325391 0.171528 0.108594 0.029167
4  0.537109 0.168750 0.111719 0.023611
4  0.206641 0.255556 0.067969 0.033333
4  0.359766 0.240278 0.071094 0.019444
1  0.419922 0.095833 0.030469 0.077778
1  0.587500 0.187500 0.025000 0.061111
1  0.608203 0.291667 0.022656 0.077778
1  0.613281 0.433333 0.025000 0.088889
1  0.322266 0.523611 0.033594 0.069444
1  0.305078 0.694444 0.025781 0.061111
1  0.190234 0.281250 0.022656 0.062500
1  0.388281 0.263889 0.031250 0.066667
1  0.284766 0.193056 0.022656 0.050000
1  0.306641 0.410417 0.027344 0.043056
4  0.721094 0.361806 0.109375 0.034722
3  0.557422 0.600000 0.114844 0.027778
2  0.803906 0.227083 0.193750 0.026389
2  0.196875 0.468056 0.106250 0.033333
4  0.307422 0.039583 0.102344 0.031944
