5  0.109766 0.483333 0.017969 0.397222
5  0.851953 0.541667 0.027344 0.491667
5  0.480078 0.647917 0.019531 0.062500
5  0.318359 0.598611 0.013281 0.055556
5  0.646484 0.600694 0.011719 0.054167
4  0.544141 0.417361 0.233594 0.031944
4  0.662891 0.306250 0.377344 0.026389
4  0.292188 0.668056 0.385938 0.016667
4  0.671484 0.772917 0.386719 0.020833
4  0.479688 0.623611 0.343750 0.016667
1  0.321875 0.488889 0.032812 0.069444
1  0.652734 0.470139 0.039844 0.123611
1  0.325781 0.095833 0.034375 0.041667
1  0.322656 0.173611 0.029687 0.044444
1  0.321094 0.252778 0.026563 0.055556
1  0.320703 0.343056 0.025781 0.050000
1  0.488281 0.799306 0.039062 0.065278
1  0.484375 0.892361 0.025000 0.051389
3  0.156250 0.300000 0.101562 0.027778
