5  0.824609 0.411111 0.028906 0.500000
5  0.130078 0.482639 0.035156 0.620833
5  0.216797 0.441667 0.014844 0.280556
5  0.750781 0.387500 0.020312 0.144444
4  0.215234 0.184028 0.207031 0.023611
4  0.655859 0.451389 0.203906 0.019444
4  0.687109 0.650000 0.271094 0.022222
4  0.338281 0.572222 0.251563 0.022222
4  0.314844 0.786806 0.360938 0.015278
1  0.472656 0.114583 0.029687 0.062500
1  0.465625 0.240278 0.026563 0.066667
1  0.458203 0.384722 0.025781 0.069444
1  0.457812 0.590278 0.028125 0.050000
1  0.489062 0.809028 0.040625 0.056944
4  0.272266 0.309722 0.117969 0.016667
2  0.740234 0.171528 0.200781 0.031944
2  0.698828 0.320139 0.107031 0.034722
