5  0.144531 0.653472 0.040625 0.493056
5  0.822656 0.318056 0.042188 0.225000
5  0.874609 0.778472 0.050781 0.240278
4  0.269531 0.898611 0.265625 0.027778
4  0.749219 0.887500 0.232812 0.025000
4  0.762109 0.417361 0.160156 0.020833
1  0.490625 0.125694 0.056250 0.098611
1  0.481641 0.292361 0.071094 0.118056
1  0.517187 0.541667 0.057813 0.141667
1  0.520703 0.757639 0.094531 0.118056
2  0.755859 0.220833 0.133594 0.058333
2  0.830859 0.680556 0.116406 0.063889
3  0.219531 0.423611 0.173438 0.044444
