1  0.443750 0.106250 0.039062 0.073611
1  0.448438 0.238194 0.037500 0.101389
1  0.669141 0.398611 0.032031 0.136111
1  0.200391 0.391667 0.050781 0.125000
1  0.441016 0.599306 0.049219 0.070833
1  0.446094 0.824306 0.046875 0.068056
3  0.163281 0.172222 0.217187 0.033333
5  0.062109 0.416667 0.033594 0.513889
5  0.894531 0.482639 0.054688 0.629167
5  0.191016 0.541667 0.022656 0.088889
5  0.691797 0.546528 0.035156 0.068056
4  0.175781 0.656944 0.248437 0.033333
4  0.668750 0.782639 0.492188 0.029167
4  0.443359 0.568056 0.536719 0.025000
4  0.763281 0.188194 0.257812 0.054167
4  0.604297 0.345139 0.153906 0.045833
4  0.265625 0.347222 0.170312 0.038889
