4  0.818750 0.294444 0.134375 0.036111
4  0.400391 0.284028 0.113281 0.026389
1  0.600000 0.100694 0.056250 0.068056
1  0.601953 0.202083 0.066406 0.070833
1  0.333594 0.340278 0.060938 0.138889
1  0.279297 0.512500 0.046094 0.077778
1  0.605859 0.815972 0.061719 0.079167
1  0.812109 0.520833 0.058594 0.086111
1  0.869141 0.347917 0.055469 0.154167
5  0.317187 0.675694 0.035937 0.118056
5  0.854297 0.679167 0.033594 0.133333
3  0.399219 0.722917 0.198437 0.037500
2  0.796094 0.730556 0.154687 0.038889
