1  0.524219 0.179861 0.037500 0.084722
1  0.531250 0.305556 0.026563 0.066667
1  0.296875 0.444444 0.034375 0.091667
1  0.289844 0.583333 0.032812 0.086111
1  0.119141 0.634722 0.032031 0.241667
1  0.855078 0.609722 0.027344 0.144444
1  0.625781 0.597222 0.035937 0.122222
1  0.497656 0.853472 0.031250 0.059722
1  0.733594 0.452778 0.029687 0.100000
2  0.442969 0.525694 0.051562 0.034722
4  0.376563 0.409028 0.167187 0.031944
4  0.686719 0.406250 0.126563 0.031944
4  0.838281 0.546528 0.057813 0.023611
4  0.645703 0.543056 0.061719 0.019444
4  0.535547 0.828472 0.649219 0.026389
4  0.427734 0.648611 0.082031 0.025000
4  0.144141 0.518750 0.042969 0.020833
5  0.462500 0.585417 0.018750 0.131944
5  0.643359 0.768750 0.019531 0.118056
5  0.854297 0.784722 0.028906 0.111111
5  0.226953 0.816667 0.013281 0.047222
