1  0.519141 0.126389 0.044531 0.050000
1  0.501562 0.231944 0.031250 0.061111
1  0.495703 0.345833 0.041406 0.052778
1  0.494531 0.467361 0.037500 0.065278
1  0.497266 0.575694 0.028906 0.054167
1  0.478906 0.768056 0.034375 0.063889
3  0.268359 0.401389 0.153906 0.036111
4  0.759766 0.407639 0.157031 0.020833
4  0.630078 0.747917 0.321094 0.026389
4  0.346094 0.695833 0.298438 0.027778
5  0.198437 0.541667 0.032812 0.316667
5  0.807813 0.584028 0.054688 0.362500
5  0.490625 0.682639 0.020312 0.051389
