5  0.687891 0.341667 0.016406 0.186111
5  0.708203 0.559028 0.024219 0.168056
5  0.695312 0.871528 0.014062 0.051389
5  0.455078 0.868750 0.010156 0.040278
5  0.192578 0.521528 0.017969 0.106944
5  0.213281 0.311806 0.021875 0.112500
4  0.261328 0.359722 0.107031 0.019444
4  0.558203 0.418750 0.261719 0.018056
4  0.244531 0.567361 0.118750 0.031944
4  0.576953 0.632639 0.283594 0.026389
4  0.684375 0.490972 0.076563 0.026389
4  0.640234 0.715972 0.207031 0.031944
4  0.578516 0.888889 0.263281 0.022222
4  0.671094 0.259722 0.050000 0.022222
3  0.249219 0.262500 0.089062 0.025000
3  0.238281 0.477778 0.100000 0.030556
1  0.421094 0.109028 0.042188 0.059722
1  0.412891 0.213889 0.033594 0.052778
1  0.419531 0.310417 0.039062 0.062500
1  0.430859 0.431944 0.039844 0.050000
1  0.435156 0.525694 0.029687 0.045833
1  0.438281 0.642361 0.040625 0.043056
1  0.727734 0.753472 0.036719 0.084722
1  0.426562 0.775000 0.039062 0.063889
1  0.578906 0.903472 0.039062 0.043056
