5  0.092969 0.486111 0.037500 0.427778
5  0.866016 0.522222 0.022656 0.466667
5  0.146484 0.559028 0.022656 0.120833
5  0.792188 0.616667 0.042188 0.197222
4  0.437891 0.694444 0.691406 0.044444
4  0.640625 0.734028 0.465625 0.043056
4  0.222656 0.613889 0.165625 0.036111
4  0.794922 0.300694 0.167969 0.034722
1  0.455469 0.131250 0.051562 0.059722
1  0.447266 0.226389 0.039844 0.075000
1  0.458203 0.351389 0.038281 0.069444
1  0.442578 0.459028 0.036719 0.065278
1  0.442187 0.575000 0.037500 0.052778
1  0.410937 0.747222 0.048437 0.069444
1  0.393359 0.859028 0.039844 0.070833
4  0.764844 0.533333 0.096875 0.041667
3  0.163281 0.284028 0.173438 0.029167
3  0.192188 0.511806 0.114063 0.031944
