5  0.842578 0.579861 0.033594 0.379167
5  0.155078 0.548611 0.028906 0.308333
5  0.516797 0.690278 0.017969 0.044444
4  0.335938 0.699306 0.376563 0.023611
4  0.665234 0.763194 0.357031 0.020833
4  0.810547 0.409028 0.099219 0.029167
3  0.237109 0.410417 0.188281 0.045833
1  0.571094 0.131250 0.042188 0.051389
1  0.566016 0.238889 0.050781 0.058333
1  0.544531 0.358333 0.045313 0.063889
1  0.534375 0.472222 0.032812 0.072222
1  0.528906 0.592361 0.039062 0.065278
1  0.489844 0.775000 0.043750 0.047222
1  0.483984 0.890972 0.049219 0.054167
