0  0.124609 0.707639 0.058594 0.276389
0  0.294141 0.583333 0.053906 0.427778
1  0.253906 0.170139 0.075000 0.129167
1  0.072266 0.410417 0.071094 0.184722
1  0.732031 0.456944 0.065625 0.136111
1  0.736328 0.665278 0.060156 0.141667
3  0.451562 0.350000 0.232812 0.066667
5  0.441406 0.876389 0.039062 0.122222
4  0.275391 0.838889 0.353906 0.058333
4  0.583594 0.905556 0.320312 0.055556
5  0.724609 0.886806 0.036719 0.093056
4  0.462500 0.782639 0.350000 0.068056
4  0.342969 0.118750 0.189063 0.051389
4  0.096484 0.327778 0.075781 0.041667
