2  0.754687 0.184028 0.129688 0.034722
1  0.548437 0.136806 0.045313 0.070833
1  0.539844 0.238889 0.034375 0.061111
1  0.528906 0.350694 0.037500 0.056944
1  0.513281 0.459722 0.046875 0.063889
1  0.499609 0.747222 0.050781 0.055556
1  0.392188 0.888889 0.048437 0.047222
1  0.503125 0.636111 0.048437 0.097222
4  0.325000 0.192361 0.129688 0.023611
4  0.711328 0.552083 0.171094 0.029167
4  0.391797 0.863889 0.264844 0.030556
5  0.264453 0.529167 0.036719 0.700000
5  0.800391 0.366667 0.036719 0.402778
5  0.504687 0.846528 0.025000 0.062500
