2  0.588672 0.810417 0.183594 0.056944
2  0.503516 0.757639 0.060156 0.040278
2  0.950781 0.672222 0.095312 0.041667
2  0.841016 0.590972 0.050781 0.043056
1  0.509766 0.136111 0.042969 0.077778
1  0.512891 0.272917 0.039844 0.059722
1  0.557422 0.420833 0.042969 0.052778
1  0.328125 0.529167 0.064062 0.088889
1  0.349609 0.693750 0.044531 0.143056
3  0.692969 0.495139 0.160938 0.048611
4  0.957422 0.511111 0.080469 0.025000
4  0.394922 0.488889 0.141406 0.030556
5  0.508203 0.688194 0.033594 0.148611
5  0.986328 0.597222 0.027344 0.213889
5  0.660547 0.750694 0.042969 0.087500
5  0.854297 0.575694 0.024219 0.051389
