5  0.134375 0.511111 0.023438 0.613889
5  0.880078 0.442361 0.019531 0.479167
5  0.498828 0.655556 0.035156 0.080556
5  0.651953 0.593056 0.019531 0.061111
5  0.310937 0.602083 0.021875 0.070833
4  0.219531 0.219444 0.167187 0.025000
4  0.338672 0.392361 0.099219 0.029167
4  0.617578 0.390278 0.102344 0.033333
4  0.482031 0.619444 0.356250 0.022222
4  0.689062 0.688194 0.389062 0.037500
1  0.497656 0.828472 0.060938 0.065278
1  0.473437 0.150000 0.042188 0.083333
1  0.478125 0.288194 0.029687 0.098611
1  0.669141 0.447222 0.047656 0.130556
1  0.300391 0.447917 0.030469 0.126389
2  0.801562 0.217361 0.162500 0.034722
4  0.316016 0.801389 0.385156 0.041667
