4  0.757422 0.543056 0.357031 0.025000
4  0.893750 0.744444 0.092188 0.016667
4  0.636328 0.597917 0.105469 0.020833
1  0.194141 0.166667 0.035156 0.066667
1  0.195312 0.275694 0.032812 0.070833
1  0.199219 0.413194 0.031250 0.065278
1  0.221875 0.630556 0.034375 0.122222
1  0.227734 0.863889 0.033594 0.102778
1  0.557031 0.832639 0.026563 0.098611
0  0.798437 0.670139 0.034375 0.079167
0  0.808203 0.833333 0.036719 0.100000
2  0.479688 0.706250 0.264062 0.031944
3  0.358594 0.509722 0.125000 0.030556
3  0.526172 0.097917 0.088281 0.020833
3  0.698438 0.911111 0.104687 0.027778
3  0.427734 0.759722 0.102344 0.030556
5  0.932422 0.638889 0.024219 0.227778
5  0.594922 0.627778 0.028906 0.166667
