1  0.490234 0.788194 0.033594 0.054167
1  0.763281 0.522222 0.032812 0.105556
1  0.590234 0.453472 0.032031 0.070833
1  0.435937 0.532639 0.048437 0.220833
1  0.266406 0.515972 0.032812 0.070833
1  0.268359 0.327083 0.033594 0.068056
1  0.549219 0.222917 0.029687 0.056944
1  0.554297 0.118750 0.025781 0.045833
1  0.779297 0.338889 0.044531 0.075000
4  0.483594 0.761111 0.525000 0.019444
4  0.426172 0.426389 0.075781 0.025000
4  0.726562 0.309722 0.128125 0.025000
4  0.350000 0.300694 0.170312 0.015278
4  0.620313 0.427778 0.078125 0.013889
5  0.233594 0.675694 0.014062 0.165278
5  0.416016 0.729861 0.017969 0.068056
5  0.735937 0.688889 0.023438 0.144444
