5  0.145313 0.390972 0.031250 0.409722
5  0.799219 0.427778 0.040625 0.427778
5  0.473437 0.590972 0.014062 0.031944
4  0.311328 0.588889 0.338281 0.036111
4  0.622656 0.636111 0.357812 0.033333
1  0.453516 0.152083 0.046094 0.059722
1  0.441797 0.272222 0.042969 0.077778
1  0.438672 0.394444 0.042969 0.066667
1  0.435937 0.503472 0.046875 0.048611
1  0.485156 0.753472 0.056250 0.081944
1  0.449219 0.640972 0.045313 0.040278
4  0.726172 0.221528 0.155469 0.031944
4  0.200781 0.199306 0.117188 0.029167
