5  0.884375 0.206250 0.021875 0.143056
5  0.549609 0.843056 0.025781 0.252778
5  0.592578 0.407639 0.025781 0.268056
5  0.684766 0.754167 0.014844 0.333333
4  0.740234 0.931250 0.378906 0.073611
4  0.830469 0.272222 0.132812 0.025000
2  0.225000 0.733333 0.221875 0.080556
2  0.518359 0.166667 0.722656 0.061111
2  0.497656 0.726389 0.106250 0.052778
3  0.260156 0.402778 0.143750 0.072222
3  0.528906 0.382639 0.135937 0.051389
3  0.805078 0.490972 0.110156 0.056944
3  0.627344 0.284028 0.082813 0.065278
3  0.612891 0.527778 0.067969 0.047222
0  0.910547 0.730556 0.042969 0.366667
0  0.072656 0.560417 0.090625 0.184722
1  0.143750 0.213889 0.046875 0.202778
1  0.391797 0.554167 0.035156 0.172222
