0  0.542188 0.291667 0.051562 0.127778
1  0.234766 0.214583 0.066406 0.193056
1  0.252344 0.847222 0.054688 0.102778
3  0.586328 0.629861 0.216406 0.054167
3  0.517578 0.914583 0.332031 0.054167
2  0.831641 0.349306 0.227344 0.056944
4  0.237500 0.462500 0.415625 0.041667
4  0.236719 0.797222 0.393750 0.055556
4  0.899219 0.629861 0.079687 0.023611
4  0.886719 0.895139 0.101562 0.045833
5  0.439453 0.504861 0.025781 0.112500
5  0.210156 0.479167 0.037500 0.191667
5  0.037109 0.517361 0.025781 0.118056
5  0.068359 0.737500 0.032031 0.155556
5  0.248828 0.717361 0.021094 0.134722
5  0.428906 0.715972 0.021875 0.170833
5  0.941016 0.608333 0.036719 0.583333
