3  0.169531 0.076389 0.123438 0.041667
3  0.443750 0.774306 0.173438 0.037500
3  0.751172 0.771528 0.238281 0.045833
3  0.417969 0.943750 0.196875 0.043056
2  0.750391 0.931944 0.247656 0.036111
2  0.478516 0.084722 0.105469 0.036111
1  0.422266 0.204861 0.038281 0.079167
1  0.214453 0.207639 0.053906 0.070833
1  0.917969 0.840972 0.048437 0.118056
1  0.269922 0.852083 0.052344 0.156944
0  0.574219 0.848611 0.062500 0.119444
0  0.462109 0.363194 0.050781 0.106944
0  0.224609 0.371528 0.063281 0.118056
1  0.342969 0.025694 0.050000 0.048611
5  0.024219 0.403472 0.048437 0.762500
5  0.655469 0.386806 0.053125 0.770833
5  0.376172 0.601389 0.025781 0.072222
5  0.364844 0.461806 0.029687 0.109722
5  0.351172 0.145139 0.022656 0.084722
5  0.085156 0.452778 0.034375 0.369444
5  0.103906 0.166667 0.037500 0.208333
5  0.556641 0.354167 0.071094 0.569444
4  0.138672 0.762500 0.239844 0.030556
4  0.527734 0.543056 0.116406 0.025000
4  0.176563 0.537500 0.185937 0.030556
4  0.333984 0.630556 0.505469 0.041667
4  0.128125 0.272917 0.096875 0.023611
4  0.536328 0.273611 0.091406 0.027778
4  0.318750 0.179167 0.234375 0.016667
4  0.364453 0.413889 0.260156 0.019444
4  0.334766 0.021528 0.633594 0.043056
