5  0.261328 0.314583 0.039844 0.348611
5  0.037500 0.497222 0.035937 0.680556
5  0.898047 0.554861 0.042969 0.809722
4  0.099609 0.556250 0.155469 0.023611
4  0.355859 0.786806 0.283594 0.026389
4  0.567578 0.955556 0.705469 0.038889
2  0.410547 0.552778 0.235156 0.044444
2  0.761719 0.526389 0.253125 0.058333
2  0.778906 0.790278 0.257812 0.058333
2  0.766016 0.127083 0.189844 0.059722
1  0.566406 0.375000 0.062500 0.255556
1  0.571094 0.634722 0.057813 0.119444
0  0.219141 0.713194 0.064844 0.181944
0  0.208203 0.911111 0.067969 0.136111
0  0.568750 0.898611 0.067188 0.122222
3  0.375391 0.157639 0.200781 0.051389
3  0.100391 0.821528 0.130469 0.059722
4  0.155859 0.156250 0.252344 0.034722
