5  0.490625 0.366667 0.026563 0.511111
5  0.337109 0.702083 0.028906 0.098611
5  0.978125 0.729167 0.026563 0.186111
5  0.120312 0.327778 0.053125 0.627778
4  0.152344 0.109722 0.112500 0.030556
4  0.148828 0.404167 0.085156 0.022222
4  0.465234 0.400694 0.082031 0.037500
4  0.394141 0.266667 0.197656 0.047222
4  0.453906 0.614583 0.089062 0.026389
4  0.207031 0.621528 0.142188 0.029167
4  0.552344 0.729167 0.442187 0.052778
4  0.592969 0.815278 0.179688 0.038889
4  0.390625 0.956944 0.195312 0.041667
4  0.211328 0.029167 0.203906 0.033333
5  0.308984 0.258333 0.038281 0.200000
3  0.811328 0.215278 0.135156 0.038889
2  0.896094 0.808333 0.164062 0.061111
1  0.343359 0.511111 0.067969 0.138889
1  0.525391 0.852778 0.063281 0.097222
1  0.962109 0.297222 0.058594 0.119444
1  0.974609 0.493056 0.050781 0.152778
1  0.300000 0.045833 0.053125 0.041667
0  0.683984 0.304861 0.058594 0.137500
0  0.703516 0.483333 0.050781 0.111111
0  0.744531 0.665972 0.050000 0.109722
0  0.273438 0.909722 0.082813 0.113889
2  0.456250 0.127083 0.082813 0.045833
