4  0.507031 0.871528 0.248437 0.043056
4  0.350000 0.620139 0.137500 0.020833
4  0.587891 0.609722 0.125781 0.030556
4  0.664844 0.385417 0.187500 0.020833
4  0.214453 0.391667 0.144531 0.025000
4  0.431641 0.327778 0.314844 0.027778
5  0.435937 0.291667 0.020312 0.094444
5  0.723828 0.225694 0.019531 0.084722
5  0.144141 0.225694 0.022656 0.079167
5  0.275781 0.584722 0.031250 0.091667
5  0.640625 0.572917 0.028125 0.062500
5  0.276563 0.358333 0.017188 0.058333
5  0.578516 0.353472 0.014844 0.084722
0  0.733594 0.350694 0.048437 0.081944
0  0.135156 0.350000 0.059375 0.108333
2  0.282031 0.955556 0.142188 0.030556
2  0.635938 0.193056 0.185937 0.041667
3  0.223828 0.195833 0.177344 0.036111
3  0.672656 0.803472 0.115625 0.031944
3  0.663672 0.937500 0.099219 0.036111
5  0.625391 0.881944 0.027344 0.155556
5  0.360156 0.893750 0.025000 0.131944
1  0.439844 0.114583 0.035937 0.120833
1  0.599609 0.436111 0.057031 0.100000
1  0.293359 0.438194 0.046094 0.098611
1  0.410937 0.656250 0.051562 0.073611
1  0.549609 0.648611 0.047656 0.058333
1  0.510547 0.812500 0.069531 0.113889
2  0.281250 0.834722 0.151562 0.036111
