5  0.537500 0.479861 0.070312 0.843056
5  0.855859 0.803472 0.044531 0.212500
5  0.109375 0.490278 0.070312 0.855556
4  0.567578 0.377083 0.380469 0.056944
4  0.184375 0.393750 0.114063 0.029167
4  0.719141 0.886806 0.339844 0.051389
3  0.196875 0.600694 0.131250 0.065278
3  0.189063 0.887500 0.118750 0.083333
3  0.136719 0.058333 0.120312 0.063889
3  0.635156 0.081250 0.271875 0.059722
2  0.450781 0.059722 0.126563 0.058333
2  0.471094 0.606250 0.165625 0.065278
2  0.492969 0.881250 0.146875 0.070833
1  0.301172 0.209028 0.092969 0.240278
1  0.819141 0.222917 0.078906 0.218056
1  0.828906 0.506944 0.084375 0.225000
1  0.330469 0.743056 0.089062 0.216667
0  0.297656 0.509028 0.070312 0.143056
