0  0.746875 0.916667 0.079687 0.100000
1  0.705469 0.063889 0.071875 0.077778
1  0.768359 0.207639 0.067969 0.137500
1  0.805859 0.454861 0.089844 0.212500
1  0.798437 0.704861 0.071875 0.165278
1  0.309375 0.704861 0.067188 0.145833
1  0.286719 0.459028 0.060938 0.145833
1  0.291016 0.238194 0.067969 0.115278
2  0.406641 0.145139 0.136719 0.045833
2  0.900391 0.320833 0.096094 0.044444
2  0.878906 0.620139 0.106250 0.059722
2  0.414453 0.600000 0.111719 0.069444
3  0.194141 0.836806 0.108594 0.054167
3  0.179688 0.323611 0.104687 0.047222
3  0.652344 0.139583 0.087500 0.043056
3  0.668750 0.605556 0.075000 0.050000
3  0.681250 0.824306 0.096875 0.048611
4  0.500000 0.026389 0.431250 0.027778
4  0.158984 0.147222 0.085156 0.030556
4  0.187891 0.595139 0.102344 0.043056
4  0.427734 0.327083 0.085156 0.026389
4  0.671484 0.344444 0.111719 0.033333
4  0.908594 0.831944 0.121875 0.030556
4  0.553906 0.961111 0.437500 0.036111
4  0.424609 0.841667 0.121094 0.030556
5  0.272656 0.061806 0.053125 0.087500
5  0.932422 0.490972 0.072656 0.726389
5  0.328906 0.909028 0.042188 0.129167
5  0.468750 0.481944 0.031250 0.691667
5  0.143359 0.501389 0.050781 0.733333
5  0.633984 0.488194 0.060156 0.718056
4  0.856641 0.131250 0.132031 0.062500
