5  0.852734 0.190972 0.050781 0.243056
5  0.911719 0.753472 0.032812 0.440278
5  0.483203 0.857639 0.039844 0.206944
5  0.307031 0.843056 0.067188 0.263889
5  0.060938 0.402778 0.103125 0.702778
5  0.536328 0.459722 0.047656 0.300000
1  0.308984 0.257639 0.067969 0.262500
1  0.658984 0.213194 0.078906 0.137500
1  0.734375 0.668056 0.057813 0.111111
4  0.137891 0.450000 0.214844 0.044444
4  0.562891 0.769444 0.235156 0.061111
4  0.853125 0.967361 0.126563 0.045833
4  0.801172 0.320139 0.169531 0.043056
4  0.570703 0.329167 0.105469 0.038889
2  0.849219 0.750000 0.123438 0.047222
2  0.855078 0.573611 0.128906 0.058333
2  0.776172 0.083333 0.147656 0.055556
2  0.471875 0.089583 0.225000 0.076389
0  0.275000 0.551389 0.079687 0.183333
0  0.739062 0.866667 0.064062 0.141667
0  0.705469 0.449306 0.071875 0.156944
3  0.582812 0.585417 0.095312 0.081944
3  0.511328 0.962500 0.400781 0.061111
3  0.137500 0.695833 0.103125 0.052778
3  0.126563 0.081250 0.214062 0.056944
