4  0.447266 0.102778 0.766406 0.038889
4  0.222656 0.462500 0.267188 0.025000
4  0.644922 0.765972 0.235156 0.031944
4  0.890234 0.896528 0.074219 0.029167
5  0.073047 0.151389 0.027344 0.094444
5  0.378516 0.780556 0.033594 0.255556
5  0.620703 0.679861 0.033594 0.184722
2  0.303516 0.909722 0.355469 0.044444
2  0.736328 0.549306 0.160156 0.059722
2  0.707422 0.222222 0.152344 0.047222
2  0.319531 0.247917 0.351562 0.048611
3  0.488672 0.561806 0.135156 0.079167
3  0.210547 0.600694 0.185156 0.087500
1  0.535156 0.806250 0.053125 0.073611
1  0.763672 0.804167 0.039844 0.069444
1  0.844531 0.377083 0.054688 0.201389
1  0.812109 0.125694 0.053906 0.084722
1  0.549609 0.136806 0.057031 0.070833
1  0.092188 0.418750 0.043750 0.290278
5  0.343750 0.477778 0.023438 0.058333
0  0.083984 0.753472 0.058594 0.193056
0  0.885547 0.750694 0.091406 0.281944
0  0.573438 0.397222 0.067188 0.230556
