1  0.746875 0.693056 0.060938 0.072222
1  0.337109 0.689583 0.064844 0.073611
1  0.272266 0.156944 0.063281 0.122222
0  0.237109 0.375000 0.061719 0.144444
0  0.704687 0.324306 0.062500 0.298611
0  0.160938 0.750694 0.070312 0.415278
2  0.882422 0.113194 0.132031 0.051389
2  0.435547 0.061806 0.139844 0.045833
3  0.048437 0.484722 0.071875 0.050000
3  0.458203 0.492361 0.260156 0.040278
4  0.096875 0.266667 0.126563 0.033333
4  0.410156 0.241667 0.189063 0.041667
4  0.538672 0.659028 0.435156 0.026389
4  0.815625 0.494444 0.214062 0.063889
4  0.884766 0.763889 0.053906 0.027778
4  0.469141 0.890972 0.349219 0.034722
4  0.332422 0.960417 0.413281 0.037500
5  0.028516 0.377778 0.047656 0.227778
5  0.924609 0.432639 0.060156 0.665278
5  0.643750 0.850000 0.032812 0.094444
5  0.307422 0.847222 0.025781 0.086111
5  0.495313 0.143750 0.023438 0.187500
5  0.521484 0.927778 0.027344 0.091667
5  0.651563 0.605556 0.034375 0.138889
