2  0.546875 0.745139 0.298438 0.054167
2  0.868750 0.763194 0.135937 0.048611
2  0.285547 0.068750 0.147656 0.031944
3  0.436328 0.060417 0.160156 0.034722
3  0.569531 0.556944 0.187500 0.041667
3  0.219531 0.911111 0.120312 0.041667
1  0.167187 0.156250 0.051562 0.143056
1  0.401563 0.470833 0.050000 0.141667
1  0.364062 0.829861 0.050000 0.137500
1  0.740625 0.659028 0.068750 0.143056
1  0.769141 0.422222 0.063281 0.252778
1  0.608594 0.211806 0.073437 0.087500
0  0.357812 0.649306 0.060938 0.093056
4  0.385547 0.404861 0.452344 0.031944
4  0.242969 0.743750 0.167187 0.026389
4  0.270703 0.557639 0.207031 0.026389
4  0.848828 0.576389 0.141406 0.038889
4  0.383594 0.285417 0.303125 0.034722
4  0.631250 0.055556 0.079687 0.033333
4  0.783203 0.299306 0.222656 0.045833
5  0.910156 0.529167 0.070312 0.480556
5  0.159766 0.611806 0.027344 0.623611
5  0.667969 0.110417 0.032812 0.126389
5  0.364844 0.168750 0.032812 0.218056
5  0.605078 0.365278 0.014844 0.111111
4  0.635547 0.177083 0.094531 0.031944
