0  0.742188 0.375000 0.062500 0.108333
0  0.545703 0.950000 0.055469 0.083333
0  0.230859 0.379167 0.047656 0.186111
0  0.789844 0.775694 0.054688 0.181944
0  0.199219 0.790972 0.054688 0.204167
1  0.239063 0.163194 0.050000 0.104167
1  0.753125 0.169444 0.085938 0.147222
1  0.739453 0.507639 0.060156 0.190278
1  0.223828 0.540278 0.050781 0.175000
1  0.517187 0.754861 0.051562 0.201389
2  0.385547 0.665972 0.249219 0.043056
2  0.909375 0.642361 0.098438 0.056944
2  0.422656 0.276389 0.198437 0.055556
3  0.580859 0.276389 0.146094 0.058333
3  0.598828 0.662500 0.199219 0.041667
3  0.104687 0.267361 0.121875 0.051389
4  0.487891 0.032639 0.892969 0.045833
4  0.493750 0.966667 0.873438 0.061111
4  0.316797 0.873611 0.266406 0.058333
4  0.719141 0.861111 0.186719 0.047222
4  0.650000 0.429861 0.165625 0.037500
4  0.331250 0.461111 0.220313 0.041667
4  0.346094 0.113889 0.228125 0.047222
4  0.669922 0.109028 0.213281 0.037500
4  0.870313 0.292361 0.157813 0.040278
4  0.073437 0.650000 0.065625 0.030556
5  0.058984 0.511806 0.047656 0.968056
5  0.939844 0.490278 0.067188 0.977778
1  0.509375 0.330556 0.054688 0.133333
5  0.528906 0.045139 0.028125 0.065278
5  0.517969 0.214583 0.042188 0.148611
5  0.504687 0.576389 0.040625 0.202778
