2  0.701563 0.131944 0.145313 0.055556
2  0.668359 0.660417 0.117969 0.062500
3  0.385547 0.136111 0.155469 0.063889
3  0.381641 0.407639 0.166406 0.068056
3  0.376172 0.679167 0.150781 0.069444
3  0.347656 0.910417 0.128125 0.059722
3  0.634375 0.916667 0.134375 0.050000
3  0.694531 0.398611 0.125000 0.058333
5  0.571875 0.274306 0.042188 0.173611
5  0.533594 0.530556 0.026563 0.155556
5  0.502734 0.785417 0.021094 0.156944
5  0.789844 0.786111 0.039062 0.144444
5  0.803516 0.512500 0.019531 0.177778
5  0.832422 0.268750 0.025781 0.168056
5  0.057813 0.505556 0.048437 0.791667
5  0.974609 0.676389 0.047656 0.558333
4  0.118359 0.386111 0.130469 0.025000
4  0.111719 0.650000 0.157813 0.041667
4  0.118359 0.877083 0.160156 0.045833
4  0.946875 0.122917 0.106250 0.040278
4  0.930859 0.411806 0.117969 0.051389
4  0.907422 0.663889 0.122656 0.038889
4  0.914062 0.932639 0.104687 0.034722
4  0.129688 0.130556 0.153125 0.047222
