1  0.477734 0.145139 0.074219 0.145833
1  0.530078 0.581944 0.089844 0.155556
1  0.569531 0.866667 0.073437 0.119444
2  0.701563 0.467361 0.285937 0.056944
2  0.812500 0.709722 0.070312 0.050000
2  0.711719 0.061111 0.198437 0.058333
3  0.249609 0.045139 0.199219 0.048611
3  0.270312 0.458333 0.254687 0.066667
3  0.230469 0.702778 0.085938 0.058333
4  0.238672 0.281250 0.214844 0.043056
4  0.710156 0.281250 0.232812 0.043056
4  0.516406 0.814583 0.623438 0.029167
5  0.157422 0.259028 0.028906 0.437500
5  0.812891 0.258333 0.061719 0.436111
5  0.827734 0.745833 0.036719 0.161111
5  0.205469 0.763194 0.042188 0.154167
5  0.548047 0.764583 0.058594 0.115278
5  0.485938 0.388194 0.046875 0.126389
