4  0.184375 0.666667 0.265625 0.025000
0  0.071875 0.256250 0.064062 0.193056
0  0.698438 0.223611 0.062500 0.194444
0  0.345703 0.211111 0.078906 0.205556
1  0.346875 0.495833 0.064062 0.230556
1  0.557422 0.730556 0.055469 0.138889
1  0.729297 0.613889 0.069531 0.458333
2  0.173047 0.352083 0.136719 0.054167
2  0.183594 0.086111 0.165625 0.077778
3  0.564844 0.337500 0.204688 0.036111
3  0.487500 0.056944 0.193750 0.047222
3  0.627734 0.661111 0.467969 0.063889
1  0.076953 0.606250 0.052344 0.423611
1  0.274609 0.745833 0.063281 0.144444
